              precision    recall  f1-score   support

           0       0.38      0.60      0.46        25
           1       0.77      0.53      0.63        68
           2       0.00      0.00      0.00        21
           3       0.71      0.77      0.74        61
           4       1.00      0.33      0.50         3
           5       0.97      0.95      0.96        38
           6       0.98      0.85      0.91        48
           7       0.83      0.74      0.78        39
           8       0.00      0.00      0.00         0
           9       0.18      0.33      0.24         6
          10       0.00      0.00      0.00         3
          11       0.74      0.90      0.81        84
          12       0.82      0.81      0.82        63
          13       0.81      0.73      0.77       119
          14       0.74      0.94      0.83        71
          15       0.50      0.29      0.36        28
          16       0.86      0.68      0.76        65
          17       0.83      0.77      0.79       162
          18       0.85      0.69      0.76        89
          19       0.52      0.74      0.61        23
          20       0.91      0.54      0.68        37
          21       0.66      0.84      0.74        50
          22       0.90      0.72      0.80        39
          23       0.30      0.35      0.32        26
          24       0.45      0.96      0.61        28
          25       0.90      0.80      0.85       133
          26       0.66      0.90      0.76        42
          27       0.39      0.72      0.51        18
          28       0.69      0.57      0.62        61
          29       0.74      0.43      0.54       152
          30       0.50      0.86      0.63        92
          31       0.42      0.92      0.58        24
          32       0.95      0.69      0.80       134
          33       0.71      0.92      0.80        13

    accuracy                           0.71      1865
   macro avg       0.64      0.64      0.62      1865
weighted avg       0.75      0.71      0.72      1865
