              precision    recall  f1-score   support

           0       0.25      0.09      0.13        11
           1       0.73      0.81      0.77        59
           2       0.29      0.67      0.41        21
           3       0.98      0.96      0.97        51
           4       0.00      0.00      0.00         3
           5       0.96      1.00      0.98        27
           6       0.96      0.96      0.96        27
           7       0.82      0.85      0.84        27
           8       0.00      0.00      0.00         0
           9       0.30      1.00      0.46         6
          10       0.33      0.33      0.33         3
          11       0.86      0.75      0.80        64
          12       0.86      0.89      0.87        54
          13       0.83      0.86      0.84       107
          14       0.90      0.90      0.90        60
          15       0.47      0.41      0.44        17
          16       0.91      0.88      0.89        33
          17       0.81      0.41      0.54       141
          18       0.90      0.79      0.84        84
          19       0.43      0.65      0.52        23
          20       0.96      1.00      0.98        26
          21       1.00      0.96      0.98        28
          22       1.00      0.68      0.81        28
          23       0.25      0.88      0.38        16
          24       0.50      0.48      0.49        21
          25       0.86      0.77      0.81       100
          26       0.94      0.71      0.81        41
          27       0.17      0.50      0.25        14
          28       0.56      0.91      0.69        22
          29       0.81      0.29      0.43       135
          30       0.67      0.82      0.74        74
          31       0.26      0.50      0.34        24
          32       0.86      0.89      0.87       113
          33       0.35      0.85      0.50        13

    accuracy                           0.72      1473
   macro avg       0.64      0.69      0.63      1473
weighted avg       0.79      0.72      0.73      1473
