              precision    recall  f1-score   support

           0       0.00      0.00      0.00        11
           1       0.80      0.83      0.82        59
           2       0.33      0.81      0.47        21
           3       1.00      0.96      0.98        51
           4       0.25      0.33      0.29         3
           5       1.00      1.00      1.00        27
           6       1.00      1.00      1.00        27
           7       0.82      0.85      0.84        27
           8       0.00      0.00      0.00         0
           9       0.32      1.00      0.48         6
          10       0.12      0.33      0.18         3
          11       0.86      0.84      0.85        64
          12       0.92      0.91      0.92        54
          13       0.82      0.88      0.85       107
          14       0.92      0.92      0.92        60
          15       0.37      0.82      0.51        17
          16       0.97      0.88      0.92        33
          17       0.84      0.36      0.50       141
          18       0.93      0.75      0.83        84
          19       0.44      0.61      0.51        23
          20       0.96      1.00      0.98        26
          21       1.00      0.96      0.98        28
          22       0.95      0.71      0.82        28
          23       0.21      1.00      0.35        16
          24       0.53      0.43      0.47        21
          25       0.91      0.87      0.89       100
          26       1.00      0.71      0.83        41
          27       0.23      0.50      0.32        14
          28       0.57      0.95      0.71        22
          29       0.91      0.44      0.60       135
          30       0.73      0.82      0.77        74
          31       0.39      0.38      0.38        24
          32       0.90      0.91      0.91       113
          33       0.36      0.92      0.52        13

    accuracy                           0.75      1473
   macro avg       0.66      0.73      0.66      1473
weighted avg       0.82      0.75      0.76      1473
